time	time	departures_all	arrivals_all	stuck_all	en-route_all	departures_car	arrivals_car	stuck_car	en-route_car	departures_pt	arrivals_pt	stuck_pt	en-route_pt	departures_walk	arrivals_walk	stuck_walk	en-route_walk
00:00:00	0	0	0	0	0	0	0	0	0	0	0	0	0	0	0	0	0
00:05:00	300	0	0	0	0	0	0	0	0	0	0	0	0	0	0	0	0
00:10:00	600	0	0	0	0	0	0	0	0	0	0	0	0	0	0	0	0
00:15:00	900	0	0	0	0	0	0	0	0	0	0	0	0	0	0	0	0
00:20:00	1200	0	0	0	0	0	0	0	0	0	0	0	0	0	0	0	0
00:25:00	1500	0	0	0	0	0	0	0	0	0	0	0	0	0	0	0	0
00:30:00	1800	0	0	0	0	0	0	0	0	0	0	0	0	0	0	0	0
00:35:00	2100	0	0	0	0	0	0	0	0	0	0	0	0	0	0	0	0
00:40:00	2400	0	0	0	0	0	0	0	0	0	0	0	0	0	0	0	0
00:45:00	2700	0	0	0	0	0	0	0	0	0	0	0	0	0	0	0	0
00:50:00	3000	0	0	0	0	0	0	0	0	0	0	0	0	0	0	0	0
00:55:00	3300	0	0	0	0	0	0	0	0	0	0	0	0	0	0	0	0
01:00:00	3600	0	0	0	0	0	0	0	0	0	0	0	0	0	0	0	0
01:05:00	3900	0	0	0	0	0	0	0	0	0	0	0	0	0	0	0	0
01:10:00	4200	0	0	0	0	0	0	0	0	0	0	0	0	0	0	0	0
01:15:00	4500	0	0	0	0	0	0	0	0	0	0	0	0	0	0	0	0
01:20:00	4800	0	0	0	0	0	0	0	0	0	0	0	0	0	0	0	0
01:25:00	5100	0	0	0	0	0	0	0	0	0	0	0	0	0	0	0	0
01:30:00	5400	0	0	0	0	0	0	0	0	0	0	0	0	0	0	0	0
01:35:00	5700	0	0	0	0	0	0	0	0	0	0	0	0	0	0	0	0
01:40:00	6000	0	0	0	0	0	0	0	0	0	0	0	0	0	0	0	0
01:45:00	6300	0	0	0	0	0	0	0	0	0	0	0	0	0	0	0	0
01:50:00	6600	0	0	0	0	0	0	0	0	0	0	0	0	0	0	0	0
01:55:00	6900	0	0	0	0	0	0	0	0	0	0	0	0	0	0	0	0
02:00:00	7200	0	0	0	0	0	0	0	0	0	0	0	0	0	0	0	0
02:05:00	7500	0	0	0	0	0	0	0	0	0	0	0	0	0	0	0	0
02:10:00	7800	0	0	0	0	0	0	0	0	0	0	0	0	0	0	0	0
02:15:00	8100	0	0	0	0	0	0	0	0	0	0	0	0	0	0	0	0
02:20:00	8400	0	0	0	0	0	0	0	0	0	0	0	0	0	0	0	0
02:25:00	8700	0	0	0	0	0	0	0	0	0	0	0	0	0	0	0	0
02:30:00	9000	0	0	0	0	0	0	0	0	0	0	0	0	0	0	0	0
02:35:00	9300	0	0	0	0	0	0	0	0	0	0	0	0	0	0	0	0
02:40:00	9600	0	0	0	0	0	0	0	0	0	0	0	0	0	0	0	0
02:45:00	9900	0	0	0	0	0	0	0	0	0	0	0	0	0	0	0	0
02:50:00	10200	0	0	0	0	0	0	0	0	0	0	0	0	0	0	0	0
02:55:00	10500	0	0	0	0	0	0	0	0	0	0	0	0	0	0	0	0
03:00:00	10800	0	0	0	0	0	0	0	0	0	0	0	0	0	0	0	0
03:05:00	11100	0	0	0	0	0	0	0	0	0	0	0	0	0	0	0	0
03:10:00	11400	0	0	0	0	0	0	0	0	0	0	0	0	0	0	0	0
03:15:00	11700	0	0	0	0	0	0	0	0	0	0	0	0	0	0	0	0
03:20:00	12000	0	0	0	0	0	0	0	0	0	0	0	0	0	0	0	0
03:25:00	12300	0	0	0	0	0	0	0	0	0	0	0	0	0	0	0	0
03:30:00	12600	0	0	0	0	0	0	0	0	0	0	0	0	0	0	0	0
03:35:00	12900	0	0	0	0	0	0	0	0	0	0	0	0	0	0	0	0
03:40:00	13200	0	0	0	0	0	0	0	0	0	0	0	0	0	0	0	0
03:45:00	13500	0	0	0	0	0	0	0	0	0	0	0	0	0	0	0	0
03:50:00	13800	0	0	0	0	0	0	0	0	0	0	0	0	0	0	0	0
03:55:00	14100	0	0	0	0	0	0	0	0	0	0	0	0	0	0	0	0
04:00:00	14400	0	0	0	0	0	0	0	0	0	0	0	0	0	0	0	0
04:05:00	14700	0	0	0	0	0	0	0	0	0	0	0	0	0	0	0	0
04:10:00	15000	0	0	0	0	0	0	0	0	0	0	0	0	0	0	0	0
04:15:00	15300	0	0	0	0	0	0	0	0	0	0	0	0	0	0	0	0
04:20:00	15600	0	0	0	0	0	0	0	0	0	0	0	0	0	0	0	0
04:25:00	15900	0	0	0	0	0	0	0	0	0	0	0	0	0	0	0	0
04:30:00	16200	0	0	0	0	0	0	0	0	0	0	0	0	0	0	0	0
04:35:00	16500	0	0	0	0	0	0	0	0	0	0	0	0	0	0	0	0
04:40:00	16800	0	0	0	0	0	0	0	0	0	0	0	0	0	0	0	0
04:45:00	17100	0	0	0	0	0	0	0	0	0	0	0	0	0	0	0	0
04:50:00	17400	0	0	0	0	0	0	0	0	0	0	0	0	0	0	0	0
04:55:00	17700	0	0	0	0	0	0	0	0	0	0	0	0	0	0	0	0
05:00:00	18000	0	0	0	0	0	0	0	0	0	0	0	0	0	0	0	0
05:05:00	18300	0	0	0	0	0	0	0	0	0	0	0	0	0	0	0	0
05:10:00	18600	0	0	0	0	0	0	0	0	0	0	0	0	0	0	0	0
05:15:00	18900	0	0	0	0	0	0	0	0	0	0	0	0	0	0	0	0
05:20:00	19200	0	0	0	0	0	0	0	0	0	0	0	0	0	0	0	0
05:25:00	19500	0	0	0	0	0	0	0	0	0	0	0	0	0	0	0	0
05:30:00	19800	0	0	0	0	0	0	0	0	0	0	0	0	0	0	0	0
05:35:00	20100	0	0	0	0	0	0	0	0	0	0	0	0	0	0	0	0
05:40:00	20400	0	0	0	0	0	0	0	0	0	0	0	0	0	0	0	0
05:45:00	20700	0	0	0	0	0	0	0	0	0	0	0	0	0	0	0	0
05:50:00	21000	0	0	0	0	0	0	0	0	0	0	0	0	0	0	0	0
05:55:00	21300	0	0	0	0	0	0	0	0	0	0	0	0	0	0	0	0
06:00:00	21600	0	0	0	0	0	0	0	0	0	0	0	0	0	0	0	0
06:05:00	21900	0	0	0	0	0	0	0	0	0	0	0	0	0	0	0	0
06:10:00	22200	0	0	0	0	0	0	0	0	0	0	0	0	0	0	0	0
06:15:00	22500	0	0	0	0	0	0	0	0	0	0	0	0	0	0	0	0
06:20:00	22800	1	0	0	1	0	0	0	0	0	0	0	0	1	0	0	1
06:25:00	23100	2	0	0	3	0	0	0	0	0	0	0	0	2	0	0	3
06:30:00	23400	6	4	0	5	2	1	0	1	0	0	0	0	4	3	0	4
06:35:00	23700	26	4	0	27	4	0	0	5	0	0	0	0	22	4	0	22
06:40:00	24000	76	23	0	80	14	7	0	12	0	0	0	0	62	16	0	68
06:45:00	24300	215	63	0	232	39	13	0	38	2	0	0	2	174	50	0	192
06:50:00	24600	449	161	0	520	83	44	0	77	8	3	0	7	358	114	0	436
06:55:00	24900	1075	355	0	1240	199	81	0	195	21	8	0	20	855	266	0	1025
07:00:00	25200	2033	736	0	2537	390	186	0	399	29	24	0	25	1614	526	0	2113
07:05:00	25500	3818	1506	0	4849	779	386	0	792	83	34	0	74	2956	1086	0	3983
07:10:00	25800	6238	2841	0	8246	1368	780	0	1380	141	84	0	131	4729	1977	0	6735
07:15:00	26100	9125	4504	0	12867	2217	1152	0	2445	236	130	0	237	6672	3222	0	10185
07:20:00	26400	11793	6352	0	18308	3150	1497	0	4098	371	179	0	429	8272	4676	0	13781
07:25:00	26700	13750	7732	0	24326	4059	1583	0	6574	491	256	0	664	9200	5893	0	17088
07:30:00	27000	14710	8948	0	30088	4897	1547	0	9924	668	259	0	1073	9145	7142	0	19091
07:35:00	27300	14485	9369	0	35204	5344	1315	0	13953	773	344	0	1502	8368	7710	0	19749
07:40:00	27600	12772	9069	0	38907	5239	1037	0	18155	839	307	0	2034	6694	7725	0	18718
07:45:00	27900	11056	8569	0	41394	4892	849	0	22198	862	361	0	2535	5302	7359	0	16661
07:50:00	28200	8574	7329	0	42639	4249	673	0	25774	814	239	0	3110	3511	6417	0	13755
07:55:00	28500	6902	6425	0	43116	3522	632	0	28664	713	415	0	3408	2667	5378	0	11044
08:00:00	28800	4978	5001	0	43093	2742	504	0	30902	566	203	0	3771	1670	4294	0	8420
08:05:00	29100	3366	3630	0	42829	1909	297	0	32514	510	103	0	4178	947	3230	0	6137
08:10:00	29400	2221	2476	0	42574	1354	136	0	33732	339	84	0	4433	528	2256	0	4409
08:15:00	29700	1688	1916	0	42346	1026	121	0	34637	248	66	0	4615	414	1729	0	3094
08:20:00	30000	1201	1429	0	42118	587	122	0	35102	201	89	0	4727	413	1218	0	2289
08:25:00	30300	934	1087	0	41965	427	144	0	35385	126	42	0	4811	381	901	0	1769
08:30:00	30600	724	755	0	41934	309	94	0	35600	112	16	0	4907	303	645	0	1427
08:35:00	30900	652	678	0	41908	231	117	0	35714	84	16	0	4975	337	545	0	1219
08:40:00	31200	532	550	0	41890	182	79	0	35817	64	7	0	5032	286	464	0	1041
08:45:00	31500	514	481	0	41923	157	90	0	35884	63	4	0	5091	294	387	0	948
08:50:00	31800	477	434	0	41966	156	89	0	35951	61	6	0	5146	260	339	0	869
08:55:00	32100	486	413	0	42039	125	95	0	35981	79	2	0	5223	282	316	0	835
09:00:00	32400	493	381	0	42151	139	75	0	36045	58	7	0	5274	296	299	0	832
09:05:00	32700	464	358	0	42257	129	42	0	36132	54	4	0	5324	281	312	0	801
09:10:00	33000	427	301	0	42383	119	41	0	36210	66	3	0	5387	242	257	0	786
09:15:00	33300	404	301	0	42486	115	21	0	36304	70	3	0	5454	219	277	0	728
09:20:00	33600	402	270	0	42618	123	9	0	36418	64	6	0	5512	215	255	0	688
09:25:00	33900	406	234	0	42790	115	5	0	36528	65	5	0	5572	226	224	0	690
09:30:00	34200	421	243	0	42968	151	3	0	36676	44	7	0	5609	226	233	0	683
09:35:00	34500	419	285	0	43102	137	15	0	36798	71	8	0	5672	211	262	0	632
09:40:00	34800	361	211	0	43252	99	3	0	36894	68	15	0	5725	194	193	0	633
09:45:00	35100	397	230	0	43419	125	3	0	37016	59	6	0	5778	213	221	0	625
09:50:00	35400	390	225	0	43584	110	6	0	37120	63	6	0	5835	217	213	0	629
09:55:00	35700	409	231	0	43762	123	2	0	37241	74	4	0	5905	212	225	0	616
10:00:00	36000	433	234	0	43961	137	7	0	37371	63	6	0	5962	233	221	0	628
10:05:00	36300	398	219	0	44140	125	12	0	37484	52	5	0	6009	221	202	0	647
10:10:00	36600	429	218	0	44351	126	4	0	37606	63	1	0	6071	240	213	0	674
10:15:00	36900	422	242	0	44531	135	4	0	37737	75	5	0	6141	212	233	0	653
10:20:00	37200	414	232	0	44713	120	7	0	37850	69	1	0	6209	225	224	0	654
10:25:00	37500	396	229	0	44880	114	5	0	37959	86	5	0	6290	196	219	0	631
10:30:00	37800	406	227	0	45059	131	4	0	38086	66	3	0	6353	209	220	0	620
10:35:00	38100	387	226	0	45220	115	14	0	38187	64	4	0	6413	208	208	0	620
10:40:00	38400	401	230	0	45391	131	6	0	38312	63	4	0	6472	207	220	0	607
10:45:00	38700	404	210	0	45585	132	3	0	38441	55	2	0	6525	217	205	0	619
10:50:00	39000	416	230	0	45771	136	6	0	38571	62	3	0	6584	218	221	0	616
10:55:00	39300	416	255	0	45932	151	3	0	38719	74	3	0	6655	191	249	0	558
11:00:00	39600	378	195	0	46115	132	5	0	38846	39	1	0	6693	207	189	0	576
11:05:00	39900	410	229	0	46296	121	5	0	38962	76	0	0	6769	213	224	0	565
11:10:00	40200	400	210	0	46486	119	6	0	39075	61	1	0	6829	220	203	0	582
11:15:00	40500	378	190	0	46674	111	2	0	39184	55	4	0	6880	212	184	0	610
11:20:00	40800	401	204	0	46871	128	3	0	39309	58	3	0	6935	215	198	0	627
11:25:00	41100	391	211	0	47051	123	4	0	39428	60	3	0	6992	208	204	0	631
11:30:00	41400	386	235	0	47202	127	5	0	39550	71	5	0	7058	188	225	0	594
11:35:00	41700	442	253	0	47391	133	32	0	39651	52	1	0	7109	257	220	0	631
11:40:00	42000	425	240	0	47576	148	4	0	39795	64	0	0	7173	213	236	0	608
11:45:00	42300	372	217	0	47731	141	2	0	39934	57	1	0	7229	174	214	0	568
11:50:00	42600	376	192	0	47915	100	6	0	40028	61	2	0	7288	215	184	0	599
11:55:00	42900	388	212	0	48091	116	7	0	40137	72	2	0	7358	200	203	0	596
12:00:00	43200	377	195	0	48273	116	3	0	40250	55	4	0	7409	206	188	0	614
12:05:00	43500	394	198	0	48469	106	4	0	40352	68	1	0	7476	220	193	0	641
12:10:00	43800	407	240	0	48636	145	6	0	40491	64	5	0	7535	198	229	0	610
12:15:00	44100	405	217	0	48824	126	7	0	40610	57	3	0	7589	222	207	0	625
12:20:00	44400	376	225	0	48975	136	4	0	40742	54	3	0	7640	186	218	0	593
12:25:00	44700	385	217	0	49143	113	4	0	40851	70	6	0	7704	202	207	0	588
12:30:00	45000	394	200	0	49337	109	7	0	40953	55	13	0	7746	230	180	0	638
12:35:00	45300	416	247	0	49506	116	16	0	41053	69	4	0	7811	231	227	0	642
12:40:00	45600	363	212	0	49657	119	5	0	41167	56	2	0	7865	188	205	0	625
12:45:00	45900	373	205	0	49825	133	1	0	41299	55	1	0	7919	185	203	0	607
12:50:00	46200	396	211	0	50010	126	3	0	41422	59	2	0	7976	211	206	0	612
12:55:00	46500	391	214	0	50187	135	0	0	41557	59	0	0	8035	197	214	0	595
13:00:00	46800	443	233	0	50397	148	4	0	41701	65	2	0	8098	230	227	0	598
13:05:00	47100	382	218	0	50561	128	2	0	41827	62	3	0	8157	192	213	0	577
13:10:00	47400	398	211	0	50748	134	4	0	41957	55	0	0	8212	209	207	0	579
13:15:00	47700	373	201	0	50920	116	2	0	42071	61	0	0	8273	196	199	0	576
13:20:00	48000	372	176	0	51116	105	2	0	42174	54	1	0	8326	213	173	0	616
13:25:00	48300	385	203	0	51298	127	4	0	42297	47	6	0	8367	211	193	0	634
13:30:00	48600	379	215	0	51462	122	3	0	42416	60	2	0	8425	197	210	0	621
13:35:00	48900	428	279	0	51611	138	32	0	42522	62	4	0	8483	228	243	0	606
13:40:00	49200	391	217	0	51785	119	1	0	42640	57	6	0	8534	215	210	0	611
13:45:00	49500	411	219	0	51977	134	1	0	42773	65	0	0	8599	212	218	0	605
13:50:00	49800	411	247	0	52141	121	4	0	42890	69	22	0	8646	221	221	0	605
13:55:00	50100	403	217	0	52327	127	3	0	43014	55	3	0	8698	221	211	0	615
14:00:00	50400	417	222	0	52522	142	3	0	43153	58	1	0	8755	217	218	0	614
14:05:00	50700	418	220	0	52720	123	2	0	43274	68	2	0	8821	227	216	0	625
14:10:00	51000	361	221	0	52860	131	4	0	43401	64	3	0	8882	166	214	0	577
14:15:00	51300	363	197	0	53026	106	1	0	43506	71	2	0	8951	186	194	0	569
14:20:00	51600	406	218	0	53214	131	3	0	43634	70	2	0	9019	205	213	0	561
14:25:00	51900	381	184	0	53411	101	2	0	43733	57	4	0	9072	223	178	0	606
14:30:00	52200	397	212	0	53596	127	2	0	43858	59	2	0	9129	211	208	0	609
14:35:00	52500	372	202	0	53766	120	12	0	43966	43	3	0	9169	209	187	0	631
14:40:00	52800	400	208	0	53958	119	2	0	44083	66	0	0	9235	215	206	0	640
14:45:00	53100	381	214	0	54125	115	1	0	44197	62	4	0	9293	204	209	0	635
14:50:00	53400	395	222	0	54298	130	2	0	44325	62	5	0	9350	203	215	0	623
14:55:00	53700	399	219	0	54478	129	3	0	44451	62	2	0	9410	208	214	0	617
15:00:00	54000	398	237	0	54639	134	1	0	44584	73	3	0	9480	191	233	0	575
15:05:00	54300	370	208	0	54801	126	3	0	44707	57	4	0	9533	187	201	0	561
15:10:00	54600	358	184	0	54975	112	5	0	44814	46	2	0	9577	200	177	0	584
15:15:00	54900	405	209	0	55171	121	1	0	44934	67	4	0	9640	217	204	0	597
15:20:00	55200	369	214	0	55326	131	2	0	45063	57	1	0	9696	181	211	0	567
15:25:00	55500	386	206	0	55506	118	3	0	45178	67	4	0	9759	201	199	0	569
15:30:00	55800	358	189	0	55675	129	1	0	45306	44	3	0	9800	185	185	0	569
15:35:00	56100	428	253	0	55850	117	16	0	45407	86	5	0	9881	225	232	0	562
15:40:00	56400	362	185	0	56027	99	3	0	45503	55	2	0	9934	208	180	0	590
15:45:00	56700	396	195	0	56228	117	3	0	45617	54	0	0	9988	225	192	0	623
15:50:00	57000	427	228	0	56427	131	3	0	45745	56	23	0	10021	240	202	0	661
15:55:00	57300	415	235	0	56607	134	3	0	45876	74	3	0	10092	207	229	0	639
16:00:00	57600	447	243	0	56811	152	1	0	46027	69	2	0	10159	226	240	0	625
16:05:00	57900	403	205	0	57009	123	1	0	46149	63	2	0	10220	217	202	0	640
16:10:00	58200	389	215	0	57183	110	3	0	46256	78	0	0	10298	201	212	0	629
16:15:00	58500	429	234	0	57378	126	2	0	46380	71	3	0	10366	232	229	0	632
16:20:00	58800	372	211	0	57539	129	2	0	46507	58	2	0	10422	185	207	0	610
16:25:00	59100	415	213	0	57741	130	3	0	46634	64	1	0	10485	221	209	0	622
16:30:00	59400	394	225	0	57910	140	2	0	46772	62	3	0	10544	192	220	0	594
16:35:00	59700	504	302	0	58112	151	42	0	46881	62	14	0	10592	291	246	0	639
16:40:00	60000	415	247	0	58280	133	1	0	47013	68	2	0	10658	214	244	0	609
16:45:00	60300	467	236	0	58511	138	2	0	47149	75	3	0	10730	254	231	0	632
16:50:00	60600	554	251	0	58814	164	2	0	47311	59	4	0	10785	331	245	0	718
16:55:00	60900	722	307	0	59229	211	5	0	47517	73	1	0	10857	438	301	0	855
17:00:00	61200	1044	411	0	59862	298	3	0	47812	83	3	0	10937	663	405	0	1113
17:05:00	61500	1556	603	0	60815	455	5	0	48262	116	2	0	11051	985	596	0	1502
17:10:00	61800	2277	872	0	62220	688	8	0	48942	141	4	0	11188	1448	860	0	2090
17:15:00	62100	3176	1261	0	64135	1029	14	0	49957	192	1	0	11379	1955	1246	0	2799
17:20:00	62400	3882	1575	0	66442	1313	5	0	51265	193	3	0	11569	2376	1567	0	3608
17:25:00	62700	4529	1970	0	69001	1595	12	0	52848	297	3	0	11863	2637	1955	0	4290
17:30:00	63000	4733	2178	0	71556	1746	9	0	54585	338	6	0	12195	2649	2163	0	4776
17:35:00	63300	4518	2308	0	73766	1793	19	0	56359	400	8	0	12587	2325	2281	0	4820
17:40:00	63600	3883	2169	0	75480	1632	7	0	57984	409	1	0	12995	1842	2161	0	4501
17:45:00	63900	3304	1986	0	76798	1425	6	0	59403	405	3	0	13397	1474	1977	0	3998
17:50:00	64200	2497	1660	0	77635	1151	12	0	60542	359	4	0	13752	987	1644	0	3341
17:55:00	64500	1831	1328	0	78138	866	10	0	61398	286	3	0	14035	679	1315	0	2705
18:00:00	64800	1351	1087	0	78402	673	1	0	62070	259	2	0	14292	419	1084	0	2040
18:05:00	65100	941	774	0	78569	435	2	0	62503	188	3	0	14477	318	769	0	1589
18:10:00	65400	688	577	0	78680	313	4	0	62812	141	1	0	14617	234	572	0	1251
18:15:00	65700	598	478	0	78800	245	2	0	63055	115	2	0	14730	238	474	0	1015
18:20:00	66000	501	399	0	78902	218	0	0	63273	90	3	0	14817	193	396	0	812
18:25:00	66300	426	296	0	79032	138	0	0	63411	75	0	0	14892	213	296	0	729
18:30:00	66600	421	277	0	79176	148	1	0	63558	61	2	0	14951	212	274	0	667
18:35:00	66900	418	262	0	79332	136	9	0	63685	66	3	0	15014	216	250	0	633
18:40:00	67200	388	224	0	79496	137	0	0	63822	48	1	0	15061	203	223	0	613
18:45:00	67500	376	208	0	79664	116	0	0	63938	76	1	0	15136	184	207	0	590
18:50:00	67800	382	210	0	79836	113	1	0	64050	75	2	0	15209	194	207	0	577
18:55:00	68100	392	215	0	80013	119	0	0	64169	74	4	0	15279	199	211	0	565
19:00:00	68400	375	200	0	80188	115	5	0	64279	57	5	0	15331	203	190	0	578
19:05:00	68700	352	180	0	80360	106	1	0	64384	50	3	0	15378	196	176	0	598
19:10:00	69000	422	216	0	80566	138	0	0	64522	58	1	0	15435	226	215	0	609
19:15:00	69300	380	209	0	80737	122	1	0	64643	64	2	0	15497	194	206	0	597
19:20:00	69600	405	226	0	80916	116	0	0	64759	81	3	0	15575	208	223	0	582
19:25:00	69900	369	205	0	81080	121	0	0	64880	59	1	0	15633	189	204	0	567
19:30:00	70200	367	194	0	81253	104	0	0	64984	65	3	0	15695	198	191	0	574
19:35:00	70500	407	199	0	81461	127	4	0	65107	56	5	0	15746	224	190	0	608
19:40:00	70800	376	202	0	81635	142	0	0	65249	47	0	0	15793	187	202	0	593
19:45:00	71100	183	184	0	81634	110	0	0	65359	58	3	0	15848	15	181	0	427
19:50:00	71400	149	153	0	81630	72	0	0	65431	59	3	0	15904	18	150	0	295
19:55:00	71700	97	105	0	81622	52	2	0	65481	31	3	0	15932	14	100	0	209
20:00:00	72000	60	71	0	81611	26	0	0	65507	27	0	0	15959	7	71	0	145
20:05:00	72300	61	59	0	81613	25	2	0	65530	20	0	0	15979	16	57	0	104
20:10:00	72600	27	27	0	81613	9	0	0	65539	9	1	0	15987	9	26	0	87
20:15:00	72900	21	22	0	81612	4	1	0	65542	8	0	0	15995	9	21	0	75
20:20:00	73200	18	18	0	81612	7	0	0	65549	4	0	0	15999	7	18	0	64
20:25:00	73500	17	22	0	81607	2	0	0	65551	8	0	0	16007	7	22	0	49
20:30:00	73800	15	15	0	81607	1	0	0	65552	4	0	0	16011	10	15	0	44
20:35:00	74100	17	16	0	81608	0	5	0	65547	1	0	0	16012	16	11	0	49
20:40:00	74400	23	18	0	81613	4	1	0	65550	2	0	0	16014	17	17	0	49
20:45:00	74700	13	11	0	81615	0	0	0	65550	1	0	0	16015	12	11	0	50
20:50:00	75000	17	12	0	81620	2	3	0	65549	2	0	0	16017	13	9	0	54
20:55:00	75300	10	11	0	81619	1	1	0	65549	3	0	0	16020	6	10	0	50
21:00:00	75600	2	8	0	81613	0	0	0	65549	2	0	0	16022	0	8	0	42
21:05:00	75900	2	8	0	81607	1	0	0	65550	1	0	0	16023	0	8	0	34
21:10:00	76200	2	10	0	81599	0	0	0	65550	2	0	0	16025	0	10	0	24
21:15:00	76500	4	14	0	81589	0	3	0	65547	1	0	0	16026	3	11	0	16
21:20:00	76800	1	5	0	81585	0	0	0	65547	1	0	0	16027	0	5	0	11
21:25:00	77100	0	4	0	81581	0	0	0	65547	0	0	0	16027	0	4	0	7
21:30:00	77400	0	4	0	81577	0	0	0	65547	0	0	0	16027	0	4	0	3
21:35:00	77700	6	7	0	81576	0	5	0	65542	0	0	0	16027	6	2	0	7
21:40:00	78000	3	3	0	81576	2	0	0	65544	0	0	0	16027	1	3	0	5
21:45:00	78300	0	1	0	81575	0	0	0	65544	0	0	0	16027	0	1	0	4
21:50:00	78600	3	4	0	81574	0	0	0	65544	0	0	0	16027	3	4	0	3
21:55:00	78900	0	0	0	81574	0	0	0	65544	0	0	0	16027	0	0	0	3
22:00:00	79200	1	1	0	81574	1	0	0	65545	0	0	0	16027	0	1	0	2
22:05:00	79500	6	6	0	81574	3	2	0	65546	0	0	0	16027	3	4	0	1
22:10:00	79800	1	1	0	81574	0	1	0	65545	0	0	0	16027	1	0	0	2
22:15:00	80100	0	0	0	81574	0	0	0	65545	0	0	0	16027	0	0	0	2
22:20:00	80400	1	1	0	81574	0	1	0	65544	0	0	0	16027	1	0	0	3
22:25:00	80700	1	2	0	81573	0	0	0	65544	0	0	0	16027	1	2	0	2
22:30:00	81000	0	1	0	81572	0	0	0	65544	0	0	0	16027	0	1	0	1
22:35:00	81300	68	68	0	81572	1	8	0	65537	0	58	0	15969	67	2	0	66
22:40:00	81600	44	44	0	81572	9	6	0	65540	5	4	0	15970	30	34	0	62
22:45:00	81900	50	50	0	81572	2	0	0	65542	16	0	0	15986	32	50	0	44
22:50:00	82200	31	31	0	81572	1	2	0	65541	18	0	0	16004	12	29	0	27
22:55:00	82500	11	11	0	81572	1	0	0	65542	9	0	0	16013	1	11	0	17
23:00:00	82800	10	11	0	81571	2	1	0	65543	6	0	0	16019	2	10	0	9
23:05:00	83100	10	10	0	81571	0	3	0	65540	7	0	0	16026	3	7	0	5
23:10:00	83400	2	4	0	81569	0	2	0	65538	0	0	0	16026	2	2	0	5
23:15:00	83700	2	2	0	81569	0	0	0	65538	1	0	0	16027	1	2	0	4
23:20:00	84000	1	1	0	81569	1	0	0	65539	0	0	0	16027	0	1	0	3
23:25:00	84300	1	1	0	81569	0	0	0	65539	0	0	0	16027	1	1	0	3
23:30:00	84600	1	1	0	81569	0	0	0	65539	0	0	0	16027	1	1	0	3
23:35:00	84900	8	8	0	81569	0	4	0	65535	0	3	0	16024	8	1	0	10
23:40:00	85200	3	3	0	81569	1	1	0	65535	0	0	0	16024	2	2	0	10
23:45:00	85500	4	4	0	81569	2	0	0	65537	0	0	0	16024	2	4	0	8
23:50:00	85800	28	28	0	81569	3	23	0	65517	0	0	0	16024	25	5	0	28
23:55:00	86100	6	7	0	81568	1	2	0	65516	0	0	0	16024	5	5	0	28
24:00:00	86400	10	12	0	81566	0	8	0	65508	0	0	0	16024	10	4	0	34
24:05:00	86700	3	7	0	81562	2	0	0	65510	0	0	0	16024	1	7	0	28
24:10:00	87000	2	3	0	81561	2	0	0	65512	0	0	0	16024	0	3	0	25
24:15:00	87300	0	4	0	81557	0	0	0	65512	0	0	0	16024	0	4	0	21
24:20:00	87600	0	12	0	81545	0	0	0	65512	0	0	0	16024	0	12	0	9
24:25:00	87900	2	8	0	81539	0	0	0	65512	2	0	0	16026	0	8	0	1
24:30:00	88200	1	1	0	81539	0	0	0	65512	1	0	0	16027	0	1	0	0
24:35:00	88500	5	5	0	81539	1	2	0	65511	0	0	0	16027	4	3	0	1
24:40:00	88800	14	14	0	81539	4	6	0	65509	0	0	0	16027	10	8	0	3
24:45:00	89100	2	2	0	81539	1	0	0	65510	0	0	0	16027	1	2	0	2
24:50:00	89400	5	5	0	81539	1	4	0	65507	0	0	0	16027	4	1	0	5
24:55:00	89700	23	24	0	81538	0	23	0	65484	0	0	0	16027	23	1	0	27
25:00:00	90000	14	15	0	81537	0	11	0	65473	0	0	0	16027	14	4	0	37
25:05:00	90300	1	7	0	81531	1	0	0	65474	0	0	0	16027	0	7	0	30
25:10:00	90600	10	17	0	81524	1	9	0	65466	0	0	0	16027	9	8	0	31
25:15:00	90900	0	12	0	81512	0	0	0	65466	0	0	0	16027	0	12	0	19
25:20:00	91200	0	9	0	81503	0	0	0	65466	0	0	0	16027	0	9	0	10
25:25:00	91500	1	8	0	81496	1	0	0	65467	0	0	0	16027	0	8	0	2
25:30:00	91800	0	2	0	81494	0	0	0	65467	0	0	0	16027	0	2	0	0
25:35:00	92100	9	9	0	81494	0	0	0	65467	1	7	0	16021	8	2	0	6
25:40:00	92400	4	4	0	81494	0	2	0	65465	0	2	0	16019	4	0	0	10
25:45:00	92700	1	1	0	81494	0	0	0	65465	0	0	0	16019	1	1	0	10
25:50:00	93000	2	2	0	81494	1	0	0	65466	0	0	0	16019	1	2	0	9
25:55:00	93300	1	1	0	81494	0	0	0	65466	0	0	0	16019	1	1	0	9
26:00:00	93600	5	5	0	81494	1	1	0	65466	0	0	0	16019	4	4	0	9
26:05:00	93900	8	8	0	81494	0	3	0	65463	0	0	0	16019	8	5	0	12
26:10:00	94200	4	5	0	81493	2	1	0	65464	0	0	0	16019	2	4	0	10
26:15:00	94500	1	2	0	81492	0	0	0	65464	1	0	0	16020	0	2	0	8
26:20:00	94800	1	1	0	81492	0	1	0	65463	0	0	0	16020	1	0	0	9
26:25:00	95100	3	3	0	81492	0	0	0	65463	3	0	0	16023	0	3	0	6
26:30:00	95400	3	5	0	81490	0	0	0	65463	3	0	0	16026	0	5	0	1
26:35:00	95700	7	7	0	81490	1	1	0	65463	2	1	0	16027	4	5	0	0
26:40:00	96000	3	3	0	81490	1	1	0	65463	0	0	0	16027	2	2	0	0
26:45:00	96300	0	0	0	81490	0	0	0	65463	0	0	0	16027	0	0	0	0
26:50:00	96600	1	1	0	81490	0	1	0	65462	0	0	0	16027	1	0	0	1
26:55:00	96900	3	4	0	81489	0	2	0	65460	0	0	0	16027	3	2	0	2
27:00:00	97200	0	1	0	81488	0	0	0	65460	0	0	0	16027	0	1	0	1
27:05:00	97500	5	5	0	81488	2	2	0	65460	0	0	0	16027	3	3	0	1
27:10:00	97800	0	0	0	81488	0	0	0	65460	0	0	0	16027	0	0	0	1
27:15:00	98100	3	4	0	81487	0	3	0	65457	0	0	0	16027	3	1	0	3
27:20:00	98400	1	3	0	81485	0	1	0	65456	0	0	0	16027	1	2	0	2
27:25:00	98700	0	1	0	81484	0	0	0	65456	0	0	0	16027	0	1	0	1
27:30:00	99000	0	1	0	81483	0	0	0	65456	0	0	0	16027	0	1	0	0
27:35:00	99300	13	13	0	81483	1	3	0	65454	0	6	0	16021	12	4	0	8
27:40:00	99600	9	9	0	81483	2	3	0	65453	1	0	0	16022	6	6	0	8
27:45:00	99900	2	2	0	81483	0	0	0	65453	2	0	0	16024	0	2	0	6
27:50:00	100200	3	4	0	81482	0	1	0	65452	0	0	0	16024	3	3	0	6
27:55:00	100500	3	3	0	81482	0	1	0	65451	0	0	0	16024	3	2	0	7
28:00:00	100800	1	2	0	81481	1	0	0	65452	0	0	0	16024	0	2	0	5
28:05:00	101100	5	5	0	81481	2	1	0	65453	0	0	0	16024	3	4	0	4
28:10:00	101400	5	5	0	81481	1	3	0	65451	0	0	0	16024	4	2	0	6
28:15:00	101700	0	2	0	81479	0	0	0	65451	0	0	0	16024	0	2	0	4
28:20:00	102000	1	1	0	81479	0	0	0	65451	1	0	0	16025	0	1	0	3
28:25:00	102300	0	0	0	81479	0	0	0	65451	0	0	0	16025	0	0	0	3
28:30:00	102600	5	5	0	81479	1	1	0	65451	1	0	0	16026	3	4	0	2
28:35:00	102900	0	0	0	81479	0	0	0	65451	0	0	0	16026	0	0	0	2
28:40:00	103200	3	3	0	81479	0	2	0	65449	1	0	0	16027	2	1	0	3
28:45:00	103500	2	2	0	81479	0	0	0	65449	0	0	0	16027	2	2	0	3
28:50:00	103800	4	4	0	81479	3	1	0	65451	0	0	0	16027	1	3	0	1
28:55:00	104100	0	0	0	81479	0	0	0	65451	0	0	0	16027	0	0	0	1
29:00:00	104400	1	1	0	81479	0	0	0	65451	0	0	0	16027	1	1	0	1
29:05:00	104700	0	0	0	81479	0	0	0	65451	0	0	0	16027	0	0	0	1
29:10:00	105000	2	2	0	81479	1	1	0	65451	0	0	0	16027	1	1	0	1
29:15:00	105300	0	1	0	81478	0	0	0	65451	0	0	0	16027	0	1	0	0
29:20:00	105600	1	1	0	81478	0	1	0	65450	0	0	0	16027	1	0	0	1
29:25:00	105900	0	0	0	81478	0	0	0	65450	0	0	0	16027	0	0	0	1
29:30:00	106200	0	1	0	81477	0	0	0	65450	0	0	0	16027	0	1	0	0
29:35:00	106500	2	2	0	81477	0	1	0	65449	0	1	0	16026	2	0	0	2
29:40:00	106800	12	13	0	81476	3	6	0	65446	0	0	0	16026	9	7	0	4
29:45:00	107100	1	1	0	81476	0	0	0	65446	0	0	0	16026	1	1	0	4
29:50:00	107400	10	10	0	81476	1	0	0	65447	1	6	0	16021	8	4	0	8
29:55:00	107700	4	4	0	81476	0	1	0	65446	0	0	0	16021	4	3	0	9
30:00:00	108000	0	0	74484	6992	0	0	65446	0	0	0	9029	6992	0	0	9	0
30:05:00	108300	0	0	0	6992	0	0	0	0	0	0	0	6992	0	0	0	0
